%YAML:1.0
cameraMatrix: !!opencv-matrix
   rows: 3
   cols: 3
   dt: d
   data: [ 5.1069518126318900e+02, 0., 3.2206518904327191e+02, 0.,
       5.2912986076465074e+02, 2.4603571048012176e+02, 0., 0., 1. ]
imageSize_width: 640
imageSize_height: 480
sensorSize_width: 0
sensorSize_height: 0
distCoeffs: !!opencv-matrix
   rows: 5
   cols: 1
   dt: d
   data: [ -7.7679539402247685e-02, -6.9069631063332049e-01,
       4.3627535727214201e-04, -3.8702474832176634e-02,
       8.4509647412834106e+00 ]
reprojectionError: 3.8048580288887024e-01
features:
   - [ 4.43657990e+02, 1.55224091e+02, 4.42275665e+02, 1.75749557e+02,
       4.42909302e+02, 1.96904678e+02, 4.43593475e+02, 2.17940857e+02,
       4.44448792e+02, 2.39399857e+02, 4.46456024e+02, 2.60396973e+02,
       4.43556854e+02, 2.81841064e+02, 4.23711975e+02, 1.53490463e+02,
       4.24352966e+02, 1.74827835e+02, 4.24731842e+02, 1.96315079e+02,
       4.25688995e+02, 2.17673798e+02, 4.26521606e+02, 2.39358536e+02,
       4.26561462e+02, 2.61020782e+02, 4.26134613e+02, 2.82553619e+02,
       4.05253906e+02, 1.52228638e+02, 4.05706085e+02, 1.73845734e+02,
       4.06156372e+02, 1.95650604e+02, 4.07033386e+02, 2.17414963e+02,
       4.07972717e+02, 2.39337631e+02, 4.08316345e+02, 2.61362213e+02,
       4.08122833e+02, 2.83393402e+02, 3.86358734e+02, 1.50703934e+02,
       3.86741058e+02, 1.72888962e+02, 3.87274292e+02, 1.95060715e+02,
       3.87752625e+02, 2.17199890e+02, 3.88601990e+02, 2.39434509e+02,
       3.88800720e+02, 2.61809540e+02, 3.89193787e+02, 2.84138672e+02,
       3.66989349e+02, 1.49484192e+02, 3.67415710e+02, 1.71864777e+02,
       3.67853973e+02, 1.94394196e+02, 3.68116302e+02, 2.16944565e+02,
       3.68355011e+02, 2.39609756e+02, 3.68797363e+02, 2.62237183e+02,
       3.68697174e+02, 2.84873932e+02, 3.46490753e+02, 1.48161987e+02,
       3.46952179e+02, 1.70897751e+02, 3.47189026e+02, 1.93833435e+02,
       3.47378571e+02, 2.16667908e+02, 3.47582550e+02, 2.39678375e+02,
       3.48427429e+02, 2.62659485e+02, 3.47950073e+02, 2.85700623e+02,
       3.24937012e+02, 1.46794968e+02, 3.25446198e+02, 1.69889664e+02,
       3.25562164e+02, 1.93208206e+02, 3.25851532e+02, 2.16397186e+02,
       3.26479462e+02, 2.39691269e+02, 3.26967743e+02, 2.63186310e+02,
       3.26375153e+02, 2.86385925e+02, 3.02811829e+02, 1.45494812e+02,
       3.03336761e+02, 1.68886139e+02, 3.03459747e+02, 1.92535202e+02,
       3.03913269e+02, 2.16036774e+02, 3.04471252e+02, 2.39772797e+02,
       3.04783936e+02, 2.63607086e+02, 3.04295013e+02, 2.87275146e+02,
       2.80132385e+02, 1.44103760e+02, 2.80582916e+02, 1.67908020e+02,
       2.80949127e+02, 1.91905212e+02, 2.81365723e+02, 2.15910736e+02,
       2.81800903e+02, 2.40039917e+02, 2.82078369e+02, 2.64206085e+02,
       2.81442596e+02, 2.88272064e+02, 2.56854950e+02, 1.42459702e+02,
       2.57098267e+02, 1.66809204e+02, 2.57580048e+02, 1.91286682e+02,
       2.57889221e+02, 2.15588715e+02, 2.58241211e+02, 2.40235840e+02,
       2.58435150e+02, 2.64804260e+02, 2.58041412e+02, 2.89365326e+02 ]
   - [ 4.12717987e+02, 1.51453995e+02, 4.13626984e+02, 1.72474136e+02,
       4.14315125e+02, 1.93765457e+02, 4.14973083e+02, 2.14836731e+02,
       4.15852539e+02, 2.36337875e+02, 4.17895172e+02, 2.57409302e+02,
       4.14916138e+02, 2.78825928e+02, 3.95023743e+02, 1.49918701e+02,
       3.95720001e+02, 1.71482483e+02, 3.96190735e+02, 1.93089172e+02,
       3.97065704e+02, 2.14570618e+02, 3.97913544e+02, 2.36298141e+02,
       3.97979279e+02, 2.57975006e+02, 3.97476685e+02, 2.79607086e+02,
       3.76530975e+02, 1.48466873e+02, 3.77047272e+02, 1.70397537e+02,
       3.77461090e+02, 1.92314758e+02, 3.78329590e+02, 2.14176254e+02,
       3.79263000e+02, 2.36245193e+02, 3.79621552e+02, 2.58360992e+02,
       3.79430359e+02, 2.80472839e+02, 3.57528748e+02, 1.46811844e+02,
       3.57880798e+02, 1.69210266e+02, 3.58420380e+02, 1.91510849e+02,
       3.58918884e+02, 2.13811340e+02, 3.59829987e+02, 2.36254532e+02,
       3.60076416e+02, 2.58733459e+02, 3.60299530e+02, 2.81302399e+02,
       3.37854004e+02, 1.45318970e+02, 3.38323029e+02, 1.67934845e+02,
       3.38842346e+02, 1.90744720e+02, 3.39054016e+02, 2.13511612e+02,
       3.39305023e+02, 2.36441483e+02, 3.39784332e+02, 2.59285461e+02,
       3.39674164e+02, 2.82097992e+02, 3.17038269e+02, 1.43691544e+02,
       3.17528381e+02, 1.66810532e+02, 3.17730133e+02, 1.90137375e+02,
       3.17950409e+02, 2.13208847e+02, 3.18325775e+02, 2.36476852e+02,
       3.19141113e+02, 2.59642212e+02, 3.18675446e+02, 2.82991089e+02,
       2.95073608e+02, 1.42232101e+02, 2.95644501e+02, 1.65693085e+02,
       2.95826447e+02, 1.89306152e+02, 2.96091431e+02, 2.12805405e+02,
       2.96795044e+02, 2.36413651e+02, 2.97307953e+02, 2.60183167e+02,
       2.96640869e+02, 2.83655060e+02, 2.72400879e+02, 1.40559052e+02,
       2.72986176e+02, 1.64466217e+02, 2.73215790e+02, 1.88488571e+02,
       2.73700378e+02, 2.12410873e+02, 2.74335968e+02, 2.36459717e+02,
       2.74670441e+02, 2.60548309e+02, 2.74237122e+02, 2.84597809e+02,
       2.49133179e+02, 1.38917725e+02, 2.49655807e+02, 1.63346741e+02,
       2.50071320e+02, 1.87720444e+02, 2.50528290e+02, 2.12094315e+02,
       2.51036667e+02, 2.36603775e+02, 2.51331543e+02, 2.61254547e+02,
       2.50794647e+02, 2.85584412e+02, 2.25132446e+02, 1.37069977e+02,
       2.25535217e+02, 1.61951767e+02, 2.25927139e+02, 1.86748901e+02,
       2.26463867e+02, 2.11635712e+02, 2.26802414e+02, 2.36764618e+02,
       2.27028671e+02, 2.61824890e+02, 2.26693344e+02, 2.86708466e+02 ]
   - [ 4.15600525e+02, 1.57297867e+02, 4.16450592e+02, 1.78378189e+02,
       4.17010834e+02, 1.99735443e+02, 4.17719482e+02, 2.21086166e+02,
       4.18551086e+02, 2.42586212e+02, 4.18412140e+02, 2.64154144e+02,
       4.17538818e+02, 2.85651520e+02, 3.97883972e+02, 1.55547729e+02,
       3.98462769e+02, 1.77260208e+02, 3.98897156e+02, 1.98970825e+02,
       3.99783386e+02, 2.20617859e+02, 4.00598755e+02, 2.42526535e+02,
       4.00574860e+02, 2.64448395e+02, 4.00032532e+02, 2.86337769e+02,
       3.79336304e+02, 1.53992966e+02, 3.79786285e+02, 1.76074631e+02,
       3.80187195e+02, 1.98134430e+02, 3.80916809e+02, 2.20162537e+02,
       3.81816040e+02, 2.42408310e+02, 3.82190186e+02, 2.64760590e+02,
       3.81884888e+02, 2.87064178e+02, 3.60282684e+02, 1.52319778e+02,
       3.60633606e+02, 1.74676346e+02, 3.61049988e+02, 1.97275070e+02,
       3.61528687e+02, 2.19736832e+02, 3.62357849e+02, 2.42377594e+02,
       3.62522461e+02, 2.65147980e+02, 3.62690125e+02, 2.87826141e+02,
       3.40626617e+02, 1.50595367e+02, 3.41028778e+02, 1.73462219e+02,
       3.41434906e+02, 1.96318466e+02, 3.41658356e+02, 2.19299957e+02,
       3.41810028e+02, 2.42386887e+02, 3.42165802e+02, 2.65500610e+02,
       3.41985107e+02, 2.88557556e+02, 3.19798431e+02, 1.48967865e+02,
       3.20178650e+02, 1.72199005e+02, 3.20340576e+02, 1.95582123e+02,
       3.20482361e+02, 2.18909271e+02, 3.20604523e+02, 2.42377335e+02,
       3.21437927e+02, 2.65837463e+02, 3.20861389e+02, 2.89308014e+02,
       2.97753326e+02, 1.47321609e+02, 2.98264801e+02, 1.70909302e+02,
       2.98333313e+02, 1.94703384e+02, 2.98477203e+02, 2.18418350e+02,
       2.99121918e+02, 2.42223602e+02, 2.99479004e+02, 2.66212891e+02,
       2.98694427e+02, 2.90037262e+02, 2.75088409e+02, 1.45514496e+02,
       2.75562439e+02, 1.69560822e+02, 2.75616638e+02, 1.93804474e+02,
       2.76010132e+02, 2.17874725e+02, 2.76512909e+02, 2.42203323e+02,
       2.76746643e+02, 2.66537292e+02, 2.76143097e+02, 2.90803314e+02,
       2.51826492e+02, 1.43755692e+02, 2.52175705e+02, 1.68280014e+02,
       2.52443222e+02, 1.92935852e+02, 2.52724884e+02, 2.17444595e+02,
       2.53134125e+02, 2.42276062e+02, 2.53269653e+02, 2.67100037e+02,
       2.52616287e+02, 2.91744171e+02, 2.27690491e+02, 1.41680298e+02,
       2.27913818e+02, 1.66836044e+02, 2.28237595e+02, 1.91887543e+02,
       2.28526031e+02, 2.16975281e+02, 2.28751114e+02, 2.42313309e+02,
